0.6589809466634341
0.6561760953613065
0.6326180792903422
0.6723858250621106
0.6445549515815056
0.6690385465182528
0.6419130475527806
0.5533800349881963
0.5971914505072882
0.5197922438678807
0.6825623184393153
0.6656823707386713
0.5914101559715615
0.5750435842819288
0.5398789952291773
0.6637420071639757
0.6862365920413813
0.5287361403311044
0.6094709243359395
0.5806299006911618
0.6764626922607476
0.5950655773409158
0.5709011973978364
0.5156519016223025
0.5265503303403726
0.5651390991134123
0.5109936527848346
0.575738675480675
0.6301572391211784
0.6336027311062492
0.5232438569802359
0.5712471861746733
0.5813360997509853
0.6194645391480359
0.5378897175976926
0.635397270703847
0.5638126464983897
0.5785060325858031
0.5017636375778846
0.6509482072749818
0.5074231425199293
0.6902688970790569
0.5004796345131693
0.5817488081920332
0.6128649827774194
0.5959618565637139
0.5046273557067548
0.5317087390423713
0.5605118338386672
0.5227479038106728
0.5032437634335675
0.5290119159798
0.6641320650856326
0.6662985368493957
0.5931952344751965
0.5731640768445041
0.6596035139352282
0.6294384068903561
0.6297456098000215
0.6859573015495231
0.6812921987429099
0.6453989099914421
0.5600704262771032
0.5579573904057993
0.6057216412353741
0.6239272085170939
0.5168336877751669
0.6733056882081695
0.678065716123237
0.5474528765242535
0.6282224318236852
0.5558855942952995
0.5545562032462683
0.6071635967900375
0.6203276651457322
0.6686123466679448
0.6242564029144034
0.5057601181368546
0.6634028091723856
0.5915027772946071
0.5906607180647603
0.526660036837346
0.6144871249200933
0.5411725722609283
0.5619555912713062
0.6872872596688808
0.6459628330611472
0.5146558138022942
0.6725091672360971
0.5826832530013363
0.6269376500305684
0.6139625768436228
0.689139072746022
0.5003036613165266
0.5211263773929862
0.5560397342069991
0.6631432720960524
0.6503246217250892
0.6788652251316786
0.576177386442633
0.6335763859250034
0.5922395483717479
0.6503266456443886
0.5237727960383317
0.6852611872233241
0.6627796980626481
0.5527520852895746
0.5336420610090774
0.6511462253266337
0.6650802767685582
0.6755754183296893
0.6882896080681083
0.63113849701461
0.5534325226944606
0.6614975016881242
0.6303860101335254
0.640245768265357
0.5625118334859398
0.5977557300339309
0.6983847441580994
0.57673365902376
0.5872398022608782
0.5149815447330304
0.5769150344776135
0.5926052339873941
0.6651340399831207
0.5616700445003666
0.5126496125987987
0.6087669014712671
0.5316842304458425
0.6819057070919647
0.5364670415353611
0.5944052848594547
0.6788481953971408
0.59746957900983
0.5313118871317902
0.5317528311248577
0.6864668041935293
0.59104528911023
0.6638695306740953
0.6750119161835965
0.6965989211859819
0.6009706775861476
0.6096498556934553
0.614909995009136
0.5230540613686835
0.6349611370460816
0.5115767981481928
0.5560790656472305
0.6830622515285438
0.598888072300761
0.5890223163895248
0.5101937981147303
0.6981215932924376
0.686737200782224
0.5694284042904243
0.6543147452347582
0.5701240103397672
0.6316089216159121
0.6344074405785082
0.6218259344705679
0.6655415889326511
0.6243065610452666
0.6065507326802475
0.5412148534832135
0.5148007221944103
0.5386600569546113
0.627764533567129
0.5829551416785738
0.5794540136210071
0.6611955631755434
0.6949984972642643
0.5517316716540183
0.5224867365702281
0.6521044562689189
0.6087557309674465
0.5136404473496784
0.5378170785221608
0.6436959563174459
0.5517923529898856
0.6153358019944905
0.5774898734735694
0.5404099398340925
0.6789684360377446
0.5151108382891301
0.6479897883184562
0.6345280661224577
0.5582412628635103
0.5056261968615563
0.6695921201067825
0.6237775063249126
0.6007979190607289
0.6882930457959027
0.5262939389563364
0.6002464207503749
0.6788734857361879
0.6663416921916361
0.6030412891544839
0.6678695684506554
0.5658289189505964
0.6216762399747461
0.6626790788728166
0.5965003603058382
0.547377484647343
0.6140413083825139
0.5249686295905317
0.6362559149173955
0.6165145954224456
0.6019123059587183
0.5703939693674044
0.554721776093928
0.5346018952354467
0.5759136616105383
0.5778604405580072
0.6540166225041331
0.5502979129395004
0.6780940202218616
0.6153757404652266
0.6335546463608996
0.6052959820785886
0.5122065747600295
0.5950087550352938
0.5489897203550238
0.611887894160633
0.6231061723363698
0.6361406892241508
0.5375553680535344
0.5074754147263483
0.5252869555636663
0.5853026697719346
0.6244236589508916
0.6697313790116707
0.6489390964119328
0.6012064335658537
0.6806785693838767
0.5411813282629026
0.6128491895190059
0.6947176203950215
0.5908761438572385
0.5614105966137882
0.5115519166443078
0.5404834989523793
0.5085854903623008
0.5227619866182702
0.6735834022698299
0.5796391499350594
0.6372707414037388
0.6523338868857881
0.5243788827915424
0.5441622540380436
0.6203107390615529
0.5285089781969983
0.6595892416890172
0.6966052713003515
0.6106170204196146
0.5394291725511405
