0.6612099439670925
0.6803971561935107
0.5847752816293009
0.5629243818584914
0.659114351132553
0.5137222455054986
0.6489321775467493
0.5868005825664199
0.6602015283058378
0.6411375276147776
0.6675584108106707
0.595499640544786
0.6379804814611127
0.614787685351879
0.6527047005011514
0.5594975854546635
0.5542112154321676
0.6122211982163
0.6893964015765746
0.6474684571699838
0.5181099514105426
0.5160779371075558
0.6920055304231377
0.6286117784925054
0.676631810691564
0.5101827502413804
0.6872659830328147
0.6652968459175304
0.6125685247551417
0.5859519045428828
0.5730265485967694
0.5969640600350505
0.5961985709726689
0.6182941832120721
0.5214104378420452
0.5324778409541966
0.6635091951771291
0.6144191376501171
0.5770396881085551
0.5191247253848491
0.5725998614225299
0.60144996946913
0.6101747300585773
0.5726868770478862
0.608613262090541
0.6137266604825794
0.6252712680545792
0.5153204575073829
0.5531367274649224
0.5046520102230079
0.6247023567485301
0.5781640498539431
0.6230130265086817
0.5022250914506002
0.634456511503293
0.5123636555912585
0.68933176966862
0.5194677918162912
0.6361749757216693
0.608559259557807
0.6735539163708703
0.6943675856597168
0.5216796463166022
0.5237576649895955
0.6063107131124524
0.542495008433581
0.5731798844023344
0.5287866620973029
0.6925152879523367
0.5237054017983812
0.5242609782364342
0.5175098180591443
0.5190885306143984
0.632854622418146
0.6612473181568554
0.577883706798531
0.6233353521939234
0.538901479478776
0.6043058780311048
0.6953240381286435
0.5399081750910998
0.5864035441824115
0.5138207805839576
0.6759249363297054
0.6508657446880234
0.5912594339920901
0.5401057193400608
0.6654102276982624
0.686990161289462
0.6723301945424422
0.5465994030685962
0.6451114919904496
0.6177307868941943
0.5837518881549899
0.5079961706080083
0.6474735261444697
0.6810882098539619
0.5950318632308423
0.559521598912409
0.5772868089968135
0.6676136230995545
0.6349651309457989
0.5079425428909579
0.6577212589187467
0.5483201345353806
0.6507957078122086
0.5363836225714592
0.6193843581514736
0.5204162426752408
0.5337154910570938
0.6554968020565113
0.5399994862407551
0.5617184517451443
0.6276494829383201
0.6731197309615159
0.6474107343501314
0.6658295231825679
0.6274568897598816
0.6653022695361339
0.5689512403618385
0.5105277785421244
0.5738827942314475
0.6606995424202148
0.6994209156383338
0.6523617890016851
0.5794127871431619
0.631924459489964
0.542470253025114
0.6603097962561609
0.6155092356906146
0.6183417492380783
0.5439050860685799
0.6953872341310395
0.5989074387697171
0.6639743546343736
0.6867379240773737
0.5139189691127054
0.6111074531781837
0.6082179279745151
0.5969256832348261
0.603236383975851
0.684524539445056
0.5912975599516562
0.5837525024544197
0.5488169556273839
0.5235876888143717
0.5783475579666905
0.5304216954842873
0.617461949793128
0.5359686752661771
0.6221728695390316
0.61558009730237
0.5330361082424685
0.5775010524115035
0.5185160513272214
0.6645631894283441
0.5384402304084343
0.6480484087181958
0.6159930621095127
0.6996617213791317
0.6790210293109611
0.6881618771031036
0.5578296996780087
0.6944500996663668
0.6409257269559736
0.5016481064832503
0.5245107175269614
0.5766843236442476
0.524246345036083
0.6669106217132316
0.6129459692342949
0.6741594672337631
0.6166350260532022
0.6591319844972674
0.5495323512329395
0.5130297224983966
0.5901759566634543
0.665917797943659
0.6490939303547082
0.6123549650372011
0.6296155760925677
0.6734119600771911
0.5195969043855506
0.6232019546429353
0.6813687391123752
0.5018909401237106
0.6496837505823677
0.5682122138881095
0.6305425399474577
0.5257899696738769
0.662723647058305
0.6901851027909967
0.5212916122712546
0.5358395697251251
0.5393418727639748
0.6875876125232244
0.5540866923271368
0.6401274523664952
0.5466947768121098
0.5572854753665524
0.5275410212411163
0.6336002726552847
0.6999072901006169
0.6120171896081278
0.5006818093995474
0.5438564803217544
0.5147040679879255
0.556314200104911
0.6678211859164613
0.5923120226165405
0.5178698008789907
0.5968117310382803
0.557837197190145
0.6879883029078389
0.5368822852259805
0.5239598664005776
0.5379059184044058
0.6239750830119217
0.5832738238206066
0.6346165892623903
0.6657685764324756
0.6639378438285785
0.6507197964876805
0.683604977985973
0.6029329927242545
0.5667839372979424
0.5733664571113392
0.505141388075335
0.6370765653621272
0.5219371872666436
0.6273484243385505
0.6867377500140638
0.5765707859380746
0.5730540951485409
0.5252114398872807
0.5240375683572532
0.5564237214575872
0.6547715921045604
0.5955971558200944
0.6079965796057822
0.6582931293653137
0.6779997367875582
0.6545951385027526
0.5977716006209493
0.6119712101176444
0.5357091917419997
0.6138743926241557
0.5491908973707221
0.5349143830482679
0.6871436204415906
0.5005831403095488
0.57822982059388
0.5667147333077552
0.5230819979006298
0.5001730643390582
0.6161706300020636
