0.5978920757926552
0.5885960449719863
0.6347797127720044
0.5408227676672442
0.6664752307179185
0.6576262785128036
0.560908718881166
0.5045818886801638
0.5968242825053632
0.6452669222308904
0.5001636540742257
0.53988563739055
0.6175913018027193
0.6123751405212104
0.5075949905911673
0.6942079668516891
0.519461362680208
0.510094947571261
0.5960784345926889
0.5987531312316853
0.5648753451385504
0.5666734924646933
0.503490745996585
0.6335069283398452
0.6655232677248605
0.6887333608202416
0.6001023867011217
0.6208414966769581
0.5001088588582602
0.5786624230083308
0.5243391007313636
0.6778607713325195
0.5235438743250432
0.6779106198444738
0.6232939232181233
0.5385276182744502
0.5219497365391709
0.511251537920785
0.6262059679522419
0.6635622089441123
0.6851542602179777
0.6572451956711979
0.5600352238414427
0.5258190806171917
0.5407759403469705
0.6846846830118621
0.6647359276730808
0.5434355107506564
0.5486073675493396
0.6811801825444814
0.6380497294931928
0.5940326657147327
0.6121816178378212
0.6333955350026932
0.6179257464168085
0.5611921454590885
0.5738444568690403
0.6368847709457381
0.6048349178803158
0.6570123082766421
0.6670787809620565
0.697764458817484
0.5487234233937843
0.5709270346641444
0.6474537012956251
0.6009419875028493
0.5986947640769245
0.6386498925361046
0.5793215311125486
0.690158863640546
0.6574722678978799
0.6275187560865093
0.5492814338430706
0.6855063500580348
0.598444564271647
0.5166558184753158
0.5159748229898258
0.6973735229711298
0.6315787916189698
0.6550583524335085
0.614275211191739
0.655203718243859
0.6627864777684165
0.6581390756296157
0.6528043251023607
0.6527498763530074
0.6764700273968054
0.6476943350711005
0.5403369543995872
0.5142903826715121
0.5092069626429591
0.5905882623314861
0.59340857427755
0.6245733766499433
0.6099210509016517
0.5897165028100657
0.6782033378026647
0.5136663710132728
0.5184200584599968
0.5369784233450355
0.6399882120586279
0.512190643595605
0.5413740078488819
0.5328581571426113
0.653949824643435
0.5641221783396652
0.5559209732343261
0.6487795501311463
0.5335139790470547
0.6189716761113788
0.5723095252507716
0.544780244680031
0.695867421361293
0.5404249255202767
0.521530463317565
0.5125059526230284
0.5542993029771002
0.5759215946462453
0.6035382451017912
0.6788092024618342
0.6433669092211846
0.5527606308982209
0.6409948068736621
0.6490938882112152
0.6935513754795407
0.5804399330074111
0.5488188827486337
0.6043689287718311
0.5047318094220976
0.5987192299031184
0.5334560585952288
0.5793039372593879
0.5052252537001506
0.6561699434517775
0.6681692873927225
0.6787512387459067
0.6249519924782746
0.5964804692130943
0.5958658731286267
0.6685643261996546
0.6849853486665959
0.5746961265145543
0.591612133285402
0.6604918891527841
0.5878426635969959
0.6043572459799302
0.5753475263014698
0.5557391314673109
0.6788239658280381
0.6120901315442362
0.6816194994231501
0.5747998508210478
0.6865638708070221
0.6150878036762963
0.610086874314923
0.5699865026951937
0.5881200822246205
0.5859307032143256
0.5936988392791
0.5822905352218823
0.5520371079504368
0.543342062854693
0.6436365110760037
0.6567218812578826
0.6287785979222535
0.5877080813861969
0.6364094414750388
0.5788850529754548
0.6164378650224466
0.5418953369809213
0.6607949543010164
0.6247128874102059
0.6282315055547456
0.5347665093266848
0.6457652273597835
0.6997860845733842
0.533783559641903
0.5623073377821602
0.6295999475525093
0.5999704924315213
0.5989407731096013
0.6049956067364076
0.648402608414699
0.6797362490287475
0.565230309136958
0.6461244683131481
0.6711840546305754
0.5234614530647842
0.5716455946330145
0.5556357474134637
0.5790774302272412
0.6758284637693497
0.6404155717932045
0.5908244268892167
0.6112442667166873
0.5672361393643304
0.685182647584062
0.6358715786083273
0.5190756925098297
0.5201467911693851
0.5635598837389654
0.645354131063555
0.6561631705283976
0.5782394027123179
0.5410208068324613
0.5073191734367313
0.6127509414217188
0.6658934998952906
0.6298200611913944
0.6805209422649262
0.6460815436970768
0.6036125358370957
0.5611710511469734
0.6074850586635638
0.6356534645932682
0.5980927833693653
0.505452790292217
0.6199343504640796
0.6400822255368456
0.5751821283641213
0.6574941326532389
0.6245120785724504
0.6668706730738941
0.6062799450816628
0.5716840633756428
0.6794932408074178
0.5871176791717788
0.5611099435264918
0.5567603316168999
0.6682580720997803
0.6168530294256221
0.6936607963162416
0.658756597487326
0.6018776609160523
0.5695034771443821
0.5465748099676281
0.6478796327412264
0.6941026428443704
0.5039910766798125
0.6456106674609068
0.6368403126416259
0.5762119697113038
0.6073492735098699
0.5213364597123425
0.6779326565604442
0.6745453752498074
0.5188225884237194
0.5468121718470833
0.5627073782819662
0.5718844278441995
0.5254599465830243
0.5112970464879786
0.5165447097351341
0.5869809886837202
0.5058375525420474
0.5195961331272848
