0.5539619019168194
0.5363167814590394
0.6508646353614203
0.6672667672307444
0.6472985083337108
0.5934636959466351
0.5003785677866236
0.614881483375394
0.6298671244299558
0.5400857680575483
0.6392580641128343
0.6584143845740529
0.6716239983293727
0.5299853701368984
0.514917000052167
0.6905017997983365
0.5275507985710356
0.5348556591776598
0.5915013293280577
0.6748124286974388
0.527472216435841
0.5782742427013687
0.5781344263302806
0.6711519398083072
0.6910939670316446
0.5755984908783984
0.5231579486355467
0.5480199101361181
0.5591060343681851
0.5951727592415371
0.5067813689584497
0.6163640382142487
0.6616039781302271
0.6294651704083165
0.6334169233092394
0.6101478745688752
0.6018851704728434
0.6961317100669685
0.5905472467479878
0.6698589230218834
0.5585591878273976
0.5654120338750372
0.5270481026473457
0.660567061914303
0.6762676093017018
0.5652395828044601
0.5812306805512512
0.605873945531279
0.5552010776120218
0.6283364863237004
0.693841808525017
0.5631122845540847
0.6760916183151675
0.6338574097056645
0.5337825318602841
0.6252265668569441
0.5602263103084933
0.6597610084627868
0.6691375607700542
0.6566325013391077
0.6759619101284122
0.5128999436820785
0.50392157942837
0.5546126882954991
0.6428939957897181
0.6393047393106613
0.6241138116819331
0.6983526596735798
0.6083321820274743
0.5515738135546333
0.6370618023150855
0.5748377098206588
0.6418944334442171
0.5938790085299847
0.5641245986759028
0.6909077390463415
0.6224035891760439
0.5526184132195296
0.515924632947762
0.6938376198996603
0.5735389660508083
0.5580792488546733
0.5962232995722476
0.6565030998750151
0.5432379204451544
0.6543351935364436
0.6784577183247703
0.6547853475406986
0.6454933868299101
0.5103759555662805
0.6156535685991533
0.6780941141151553
0.5252295510992648
0.5001150104319136
0.5729007069600769
0.6316950213102014
0.5854463764945461
0.5689158320791944
0.565125855345627
0.6093680747912783
0.6764078743805242
0.6207507385229539
0.5893828101595135
0.5335927589700532
0.6568383622466895
0.5436340026127422
0.5303623486842814
0.5793367359468535
0.6055644425899797
0.5001927682385333
0.6321911707954735
0.5853086819544985
0.6835312977006377
0.6798533733127541
0.6242021902150523
0.5697450945529186
0.6519687370542009
0.699633159942565
0.5918038258111337
0.504886521618682
0.6866114778440269
0.5339411503053703
0.6506281519421503
0.6043149003542763
0.5159642594131434
0.6816376729814171
0.6396538672509849
0.6582122526630496
0.6643402650303865
0.6522921537584654
0.6147049658899503
0.5018146689608024
0.665093515296056
0.5721690486611197
0.6381233729578752
0.588380365584741
0.6178433897493242
0.6449970338836152
0.5541300029788028
0.5069389259128734
0.6988546748353963
0.5898256107695713
0.6387075677322266
0.5917287567595236
0.6614398084212186
0.5347463235290804
0.5569439629150355
0.6547617124486724
0.6939543818371869
0.5482787498225165
0.5093218264747785
0.6391636767334514
0.646753684156563
0.5275270491465602
0.6931839833575308
0.634861783163271
0.5606435026485759
0.6545997534551978
0.5589608914029358
0.6699492692104639
0.6258402107719219
0.6648092618988585
0.6676210143339975
0.6333557253980043
0.6961635520699018
0.5509019950956728
0.5910675446050541
0.5258668905033886
0.6414663472659458
0.590570055622303
0.5044432801913601
0.6031876281365502
0.5266475971312456
0.6841734438080553
0.6657374133103109
0.6156548304741793
0.5614793200364905
0.6053156468453599
0.5746203575659938
0.5883292872595721
0.6732246375093573
0.576583058528834
0.615960639569543
0.6000126947934357
0.6056852624668629
0.6491187035799718
0.5786867481621143
0.6142258916620396
0.6971219621080802
0.5913144942193965
0.5039068517049169
0.5304956150767376
0.6444605423377352
0.5071301038947841
0.6010081835599727
0.639447422707566
0.534420538745888
0.685116203653062
0.674616484138746
0.6601537369871753
0.679243582977754
0.6887897750038131
0.5596929948479504
0.5403481002218028
0.6942692290722213
0.5119293415090769
0.6914538002970322
0.5641037659298895
0.620590524166287
0.5066277221187656
0.595409954467207
0.687037259494604
0.5303943553452327
0.5427696920163816
0.5998287537304997
0.5743529583996054
0.5065351107749039
0.5881666200221874
0.5074213031474475
0.583209043158686
0.631043662097725
0.5856749791642758
0.5511340469507496
0.5019215034871736
0.5313660916514816
0.5284647242204937
0.5301843047874142
0.6272064173683749
0.5366475298295443
0.5516348418298971
0.6594549525400698
0.5730192497131932
0.5054918472620346
0.5170276235658009
0.6476023405355333
0.6741917404884363
0.6841188633264613
0.5318596104704103
0.6474718155406527
0.649325225779689
0.5293564529464236
0.6951097166739008
0.6330784338423675
0.6904768921255021
0.5179771253621174
0.6013477543412352
0.5232328052418073
0.5591387788110216
0.5326706699320686
0.5246514875732886
0.6695902826439701
0.5843449227444767
0.6903677253217113
0.5614178419616915
0.6608107029857877
0.6087774022905112
