0.5492322348864079
0.6600287322918054
0.5889000109197741
0.6223414909343531
0.52476829463646
0.6481572719708856
0.5867637630652934
0.5136628969183707
0.6168554167345852
0.6645154929226376
0.6255903505578299
0.5196091739695697
0.5550755399062535
0.523663222482742
0.684801630832382
0.6960643892838374
0.5284600176789068
0.6797209002305276
0.6924690983089267
0.6259798669057035
0.6364113875407603
0.5192918775442265
0.5764713887978857
0.6960138166180115
0.6344668650921305
0.6629912202031383
0.5790994507485193
0.5135030916520338
0.5306587526760635
0.579115278021987
0.6397189356661377
0.5834918140416111
0.5124065897637249
0.6097466560620575
0.5848560673459807
0.6263088060268586
0.5074210283895573
0.5054502467636888
0.6504824258143652
0.5902188076606715
0.5918350941388753
0.5497888842725324
0.582843605101537
0.5124970271014421
0.5349477159061844
0.5224966837895141
0.5720923703210561
0.5632642071637541
0.5208247291847513
0.6592501624674352
0.6476860627190093
0.6531047085200059
0.5728117657515095
0.665575252371184
0.5049119362376376
0.6914016755226935
0.6249359285966793
0.5892845897103479
0.6045452300734144
0.6720593457160737
0.5589741721927297
0.6163977060891795
0.605959843575832
0.5307813071359498
0.5009784865062559
0.5102875078114376
0.6303778483037765
0.5757003948016484
0.6868494742830075
0.5880978629649805
0.6697733697015045
0.6999464988217935
0.626897447308994
0.5853457102559588
0.616685619357658
0.6508729445852404
0.5039722061974147
0.5284728338387943
0.5776739827113057
0.5674141441304338
0.6970647328074145
0.6646737276760661
0.5381633776531344
0.6272853750996161
0.5134355776472003
0.5183291169326403
0.5007618659625213
0.5245963843042001
0.5789576577875796
0.558853154274117
0.6509122494331322
0.6739513125708124
0.6544897310750412
0.5049277298867049
0.50601791847962
0.6143402598796135
0.6334431421310986
0.6126430899217992
0.5717662456461302
0.6751580813094754
0.5654317699457838
0.5874297774433835
0.6016131978422662
0.64123234069234
0.5593054861986243
0.5959997884648714
0.511045534171311
0.6514051567585151
0.6378673290948237
0.5694734652840815
0.6497584272156668
0.5826391884899355
0.5430740852805009
0.6030247005367546
0.6638811399931152
0.5463141319897221
0.6963903777954986
0.6091787850529504
0.6427230736785704
0.5042528112232898
0.6580310337507098
0.5295976823889011
0.6091337110106393
0.5241677632359015
0.6101571821088759
0.6746243327851146
0.6647350427009264
0.6148867191841182
0.5453421208396246
0.5055221525159002
0.5146232543731305
0.6438170357535394
0.6310667285895837
0.6997017072630981
0.6512417158421061
0.5317348763880148
0.5019933161977432
0.5983951428334743
0.5923058190846584
0.6565447506884997
0.6974372398185984
0.5761656804886571
0.6800227540384334
0.5687040493626001
0.6120962429603982
0.6604123720633196
0.6118345960799125
0.5309970533543675
0.6352246139617542
0.5840079718284164
0.5173744774505729
0.6612190977503544
0.5768273607614873
0.6575962416102442
0.691655621840787
0.5468589199800323
0.6768847663069986
0.532359962157242
0.5769719595225931
0.6289088004638829
0.6359336591641911
0.6655068775841894
0.6672232794607863
0.6360336298153005
0.5817433847185355
0.5414890606345125
0.5954534035199647
0.6477185937763033
0.5457390673599498
0.5125804536291868
0.5466342305525217
0.5061573797926714
0.5550676606165071
0.6896766577708187
0.6146141577970511
0.6780777123043765
0.6329659195244417
0.505245896316007
0.6275221587800479
0.5335069275090146
0.6770195385414552
0.6246911592893681
0.6014460064433655
0.5454907463132733
0.6756609089216776
0.5583860572653078
0.6550716181395655
0.6686075088805427
0.5836985045428209
0.5549261138381852
0.664193261375912
0.6167099458572168
0.6877363941147053
0.6722993811177486
0.6244069228251141
0.6232714075109169
0.5341749685176869
0.5726643918112753
0.6415037066925872
0.5472062473510022
0.6264053943270534
0.5822863734467935
0.6397616175128051
0.5042066678873659
0.617675685584534
0.6794339918335084
0.5737274001619758
0.5743729888324158
0.5222796230588047
0.6022437379625124
0.5471607332289964
0.5261178478416348
0.6978269023087597
0.6290907362071193
0.5650986667425879
0.6672567033037977
0.6807000962980484
0.5296252466547282
0.687711964448017
0.564900229371636
0.6765474971070954
0.582805899888777
0.6438848254975396
0.6684470218702797
0.6166232862715495
0.5887113849138366
0.5725378005648345
0.6110656575848172
0.5853302559326026
0.6383771351092876
0.5124034119615124
0.6953479792111372
0.636532386769783
0.6218442111927317
0.6481535693893311
0.6715648454557912
0.6871592919158976
0.6357112063172883
0.5538233294189908
0.593368861701786
0.6413343127892185
0.5888504082006706
0.6336212665880949
0.515143495586936
0.6589288521873551
0.5410737692464387
0.6956958920212621
0.5856924281787039
0.692858745306264
0.5064088361875723
0.5807816032047379
0.5180604787564576
0.6772927010493731
0.5928686646939695
0.5645991471235472
0.6793078261306721
