0.5117600913677416
0.614710676262537
0.5355137536937349
0.6174979010679892
0.6633375920713521
0.5076279152460699
0.6476556950708667
0.5712696412982315
0.6835138310169935
0.6512830243588751
0.6826789545477884
0.5888632923352821
0.6240117044323009
0.510959505429222
0.6493456636874338
0.5847168660357418
0.5000998353505737
0.5512495582947742
0.5322350982840551
0.6759679243408531
0.6801044499164691
0.5131221210710856
0.6398308487823333
0.6387360728521831
0.5587677722842376
0.6265834020794382
0.6860986655558781
0.545474767582156
0.6396013736850696
0.5473764762356492
0.6138749341254612
0.5315900842859627
0.6227293192182417
0.6861487578945586
0.5352025184403677
0.6765848917561096
0.6636081447750694
0.5756034127887608
0.6894155671371265
0.6632044175661609
0.6311150154300424
0.6815362946490283
0.5761678552381267
0.5538214303054775
0.6169711655798586
0.6518260264159081
0.5998511840496726
0.553050802050789
0.6156322556930185
0.6927028330840617
0.5683610925314182
0.6506631771887303
0.696544627883462
0.5953765877410525
0.6237899839032655
0.582103852908571
0.6020724490627625
0.5229700233289619
0.5574753932992675
0.5027227797085325
0.5370348248181251
0.6734101637102233
0.6634457245521423
0.6379777682220911
0.5272082312936118
0.5799412590199944
0.5593531025996095
0.5494390636654807
0.6194085449383521
0.6877881889685432
0.5679279608048604
0.6977412235014228
0.5475664379975287
0.5820530425521238
0.6888869403557552
0.6639591359224567
0.5618361623358978
0.6179569814965953
0.5439599923378313
0.5805498936756042
0.5194879389716671
0.628809787005613
0.6128830673669508
0.6486753394723677
0.539060400915447
0.536866974534743
0.5308985673631735
0.6094553611611833
0.6785939274352344
0.6900384691354938
0.5427636868922472
0.6037340945123558
0.5551178386266593
0.5581829375964598
0.5148584690874368
0.5440178240622379
0.5252397424911524
0.6531428589796878
0.542691214566315
0.6404605816489283
0.5035705994198848
0.5561075818844307
0.5616909532260839
0.5277710657844186
0.6675550703424865
0.6637246763331648
0.6272659891510077
0.515583121899682
0.5896429966472897
0.6499313321134579
0.5523987815747956
0.5188080725141201
0.6201725414744291
0.6471963115235518
0.6090296051272663
0.6376766864181421
0.6399421132066483
0.5112434257820817
0.5708442508995272
0.5686631465412004
0.5179325998054767
0.6314717534064898
0.5874665014916187
0.6597864646340381
0.5067772227521121
0.6839781098685556
0.6345353936748102
0.5543201091423283
0.5924877400974058
0.6619543903783587
0.5428052848004189
0.6211532234731678
0.5336352588617217
0.5425255934357757
0.5234489005554045
0.5760801776902946
0.6901471782052839
0.6752106347037103
0.6238699467743227
0.6941878235698401
0.6085869637838742
0.5993984313349183
0.6497133781807602
0.5894603084310714
0.5131362862095069
0.6638020183298246
0.6789752046399551
0.5595097161447031
0.5325986300914549
0.5838921214565339
0.5612467604601967
0.5831614499953296
0.6313095478667228
0.6122147550371877
0.5554872570217169
0.5126881170839047
0.5622114889012313
0.6370394190776768
0.6138810648200638
0.5171288500063453
0.6102294014973044
0.6801634808684376
0.5681295925586183
0.560713504993678
0.5563624696732793
0.6717143970150524
0.6407201301160101
0.6035045228540287
0.5089885771373756
0.6001472298741172
0.5367509743700065
0.5418219006886201
0.6888760704097827
0.6380183819461351
0.5289374330419665
0.5884168229992325
0.5864852229750425
0.607594317616411
0.6357407250733385
0.5429529020259802
0.6987907304706783
0.5792602807901611
0.6773790917368
0.6675455957714104
0.5280217469815789
0.6280466727551359
0.6488709328973612
0.6223379634949231
0.5166971995000919
0.5650620215363586
0.6041607314836709
0.6114074822257628
0.6118869327079013
0.6640841843720865
0.6640144407007832
0.5404313631725518
0.5736425243272659
0.50325697909613
0.617544780709012
0.5364547417507128
0.633011667713938
0.5421706847235195
0.5506869086644066
0.6516005954443624
0.6098695374486339
0.6780466258114314
0.672960952908412
0.6399388934354429
0.6488929269079895
0.6674830726538693
0.5420439896393753
0.6461911718049863
0.6316328522374584
0.6956029246990438
0.6836490256966361
0.5228123766355296
0.6425657499350685
0.5665764070851625
0.6778531992439073
0.5058088514836155
0.5620883877244855
0.6941941264291843
0.5172846350417567
0.672247239249523
0.5407732182281146
0.503315465985659
0.6096332257102013
0.6653658986513963
0.6755808014628114
0.6718044658441875
0.5312345176409926
0.6508991769502407
0.6783382009250062
0.6784303609382297
0.6470089772481948
0.5332675314121772
0.6798245765168462
0.6475225382621843
0.6066415992004613
0.663100807962816
0.5392768671721714
0.5274683141271499
0.5829159369422001
0.6747146554722625
0.6703978521251406
0.6804841910419097
0.5021548233598576
0.6764535180620871
0.657449090040137
0.5492807261660114
0.6755611795429743
0.5789045016941801
0.6048605130914376
0.5390738673758549
0.6632928073749426
0.6299727554872017
