0.5403728747382138
0.5645909975396716
0.5088844672944025
0.5143564237005783
0.5760863378303184
0.6013505171184773
0.6339033934906774
0.6221421803420534
0.551141624063124
0.5541039436437103
0.6517116478143511
0.6655782531914136
0.6831309030442188
0.6874016014175757
0.543179749629585
0.623777940779557
0.6829251056904002
0.5042392369512477
0.5847422326617058
0.6982043713903732
0.6684465179198982
0.5289450159978982
0.614406326191317
0.532668624854966
0.6594507411880489
0.5761264107778179
0.6534894387142852
0.5256798565707597
0.5864378195625355
0.5640226227706485
0.5472938468479543
0.607310305094925
0.6444711180832243
0.678165545880474
0.68228345740771
0.6277999539099537
0.5514640120479095
0.5125459003924256
0.5920030985356849
0.6155550768180809
0.6781653173805253
0.6347342424945978
0.5191997744792904
0.5403376267019642
0.51302029182848
0.6628740450006924
0.6622736854604714
0.5787326976114596
0.5433838047363736
0.5479121854975189
0.6238738599229053
0.6586108080507772
0.564182244995976
0.6301542886670556
0.6285533909012956
0.5080125013366205
0.5291489054760806
0.5477557004607689
0.5033815861135311
0.6603601673370285
0.5710636852039485
0.5425254399023304
0.6220410164363034
0.5312987222434501
0.5787832413656664
0.6597560396176617
0.6031954831049082
0.506499335114545
0.6736165100318389
0.5023781157203915
0.518817683894375
0.6697718688786436
0.530469951184366
0.6684980840250041
0.5550206858714837
0.5944995367806798
0.5349467690190864
0.5021480757247935
0.561169704229836
0.5058495853938367
0.5964759390479076
0.5433294475822231
0.547584968855848
0.5164391750979977
0.5048483344531224
0.6504573294775494
0.6125605174227872
0.6145013547431505
0.5430043223603858
0.5252333606251113
0.5869022353382395
0.5468330412649997
0.5914331386646787
0.6456411851419473
0.6940035427753698
0.5976957474144846
0.6999249710309841
0.6543208265292111
0.5805300966548289
0.537468196315247
0.6630924724928355
0.5035006960120693
0.6132878609831984
0.6553716178177353
0.6587125052196776
0.6197316119498537
0.5156142186023991
0.6139286538778124
0.5688997558095628
0.6402961447670985
0.6036359098906666
0.5602029178834528
0.6600629035821812
0.5082122539625565
0.5871566818614962
0.6491541191921508
0.6652930796784909
0.5376004948551024
0.553630059413381
0.6070194761654923
0.5128706576396009
0.625925386447427
0.6667612833465237
0.6900539560891344
0.6709794272352481
0.6927651221253728
0.6877231163427628
0.5145533627308795
0.6607219140673183
0.6437418958558629
0.680034949699916
0.6315558633866477
0.603393992218166
0.6854028613063493
0.588173511265663
0.6299936414734888
0.602076368716706
0.686562883132238
0.5084251926482016
0.614206910624291
0.6021007335220643
0.581815845709093
0.6994663952807211
0.5305208722257205
0.5026883837705151
0.5130084414998866
0.6418539822576256
0.6905494444639693
0.5590208530678671
0.5684142419057808
0.5982214388433352
0.5152000787734696
0.5528353195171991
0.6079820558071212
0.6665173999285502
0.5634604803294698
0.6038914906772461
0.6616698228629007
0.5640582700148401
0.6685860223174076
0.5285932442615874
0.6660757046454158
0.5493429669398001
0.6576290721959327
0.6055785263145632
0.5997631042227013
0.6257173508031999
0.6671233885971951
0.5000711362873685
0.620869128728901
0.6582395211159839
0.6306211312540808
0.63832899858407
0.6479114731504219
0.582419029143654
0.5596382835328064
0.6475719441017773
0.5363753113596217
0.576698249179019
0.6220890694375416
0.5176606665735622
0.5583881271356018
0.604934409742329
0.5862563148691783
0.6418894723674656
0.6838289672805452
0.6450074558491472
0.5367451481423235
0.673705626433656
0.5185780009052013
0.5991770715554173
0.6080524715242365
0.6324003160850294
0.5973731108665015
0.5240973053417102
0.6716206240047892
0.5712077971238372
0.6350455950226549
0.6323076443751242
0.5320848129239476
0.5806218138701391
0.5948028547903635
0.5659110255025055
0.6456615148967438
0.6967184396488777
0.5965818738919111
0.6481860604026197
0.6619759573189041
0.6400108553024441
0.5227747043529132
0.6029714077337718
0.6959995869050871
0.6240646544194192
0.6715015347829466
0.6364600158930097
0.6465113371567954
0.5425715951251956
0.5180421763648073
0.6674712595086724
0.6053855854298653
0.6370798437530708
0.5030195628463714
0.6149916664558224
0.527871341628842
0.5083158151870583
0.653469179166802
0.5162884462936778
0.5097487080926979
0.5954580398419551
0.6364865202940249
0.5924885354193467
0.5926918913595792
0.6336096173094853
0.5076610292128664
0.6249421621807025
0.62307756947917
0.6699550032826087
0.5120681432195804
0.6849580139819303
0.5333287194682372
0.5374531965758216
0.6877306482215559
0.626492985029251
0.6871664729185496
0.641397190632478
0.5277545369112464
0.6706141368799596
0.6740361080829035
0.549021485990872
0.6236796773926876
0.6316775766584368
0.6785203831442481
0.6567993121821252
0.6813093195912024
0.6794424435451715
0.6811707091104208
