0.5965995118469604
0.5588576833105801
0.6866491544297467
0.6924237436178814
0.6742219208676272
0.5978299572965758
0.5333180459230651
0.6250087558485583
0.6648255564260048
0.5455671681109435
0.6635287201856294
0.678199845487984
0.6568028549178249
0.5379556740364826
0.638833143430072
0.5124653763859224
0.6957690128631298
0.5473957842882322
0.6708633562659606
0.6153726946892174
0.5377656456886649
0.6070633194245924
0.6874887675516383
0.5485357164036723
0.5220995740451181
0.6469510212243891
0.6903434616525913
0.5711492635503845
0.698349938480988
0.6698044041292855
0.6255522437856215
0.6147493653792104
0.6476900922896371
0.6148516880901174
0.6034989760224314
0.5937109722081738
0.5181471430839377
0.682207622160909
0.6827188073311959
0.588365697812045
0.5327293816135297
0.582277931683782
0.5465841812580564
0.5378685530510011
0.6755704619198514
0.5988168740916691
0.6987701549024811
0.5063050953535078
0.6091309082250973
0.6156702087028268
0.6709012556025546
0.6970300825127562
0.5907624517934075
0.5786808375796464
0.6779478808930846
0.5876152408782718
0.5398136016806873
0.5030564417332231
0.5109585861541994
0.6663359821551947
0.6626706535836456
0.625805209231934
0.666298181506985
0.5233247299711521
0.6160378370306726
0.680827858541876
0.6777767555416342
0.5967851903938588
0.662615178243716
0.5504178787701568
0.6214883710637281
0.6296393605565304
0.622492840586805
0.5298110973095418
0.5652189571432537
0.6225284689526933
0.6597723080058083
0.6434682261817208
0.5063200165547032
0.6534735402995983
0.5629214893104411
0.5597043257536345
0.6033573659546254
0.6923130023096857
0.6265313930729142
0.5753861690425717
0.6452305720525235
0.5749215401039501
0.6064256299273864
0.5751887545403619
0.5099778789242114
0.6263629595323708
0.5413707858907171
0.5481923872277906
0.6928906369505781
0.6186520835999616
0.5569080010568294
0.6822667242127387
0.5102352571020834
0.6672461341936317
0.6470331404896464
0.5461854452435465
0.6914640242514847
0.6549478249703267
0.6722302044503
0.5237266673802273
0.540784336669382
0.6454174016157199
0.6100286389709888
0.5181413498598302
0.5764263731878987
0.5309733874068002
0.6766983930488185
0.6989740356869437
0.644875284285254
0.6816109716465174
0.5551798556684538
0.6614580501160331
0.5825704192862666
0.5777016496580786
0.5506438284663973
0.5780127457354062
0.5882792615355495
0.5601881637792826
0.5539616885739184
0.6577342349266713
0.685649322325932
0.5771143167348076
0.6424985894580012
0.6250885776511714
0.6295501854861962
0.5108055247192143
0.621900539196709
0.5217902903675002
0.6765139922539826
0.6219788700618927
0.6190346935751567
0.5116666678117077
0.5933457301258278
0.640019876588087
0.6939257033881034
0.5055692299056167
0.530669277412409
0.6857577880453659
0.6612910446653728
0.6412140276114301
0.5596205597920856
0.530953471038389
0.6549318388053259
0.517568282131811
0.5682800527862684
0.538905121376376
0.5800892785072839
0.6890118955636526
0.5403072871829876
0.5624924519940091
0.542637804551485
0.6574411425697919
0.681284237926279
0.6987586761596358
0.6955222104872539
0.5174171587967822
0.6768953973161396
0.5104724122303241
0.5297423727563298
0.5363058567218321
0.5556914490260599
0.6410328176211594
0.6692092956440366
0.6432400876737284
0.6739224300342572
0.5825232654413254
0.6547530844180304
0.5814879129080517
0.6755739319573622
0.6297950380182321
0.62867063545865
0.6863737578180128
0.5820363402201473
0.6809319828230439
0.5442271180138792
0.6591303026041667
0.6622140050259163
0.6557476947121776
0.5200440352742467
0.6617084608219317
0.536057677307173
0.5169681811395306
0.6247050427569815
0.5232303217838579
0.5667632518332292
0.6765751527942768
0.5237012978601278
0.5221984088997381
0.6538369174276926
0.6285114568980983
0.6376905835877578
0.6908656151274053
0.5796336580979863
0.5976412243436582
0.5719040401761681
0.6981908477228655
0.6150647172261892
0.5045117419245809
0.6324063765259711
0.6983048862097299
0.6105240701344129
0.5594668834706543
0.5229025925068255
0.5409913868199145
0.6006913029912789
0.5283639002967853
0.5696504385894269
0.5958250722344272
0.6443295365309593
0.5917544560925793
0.6126060132054326
0.6466289664670368
0.5520931610154337
0.6367831837508868
0.5077553600362159
0.6507566771383818
0.5878066904253291
0.6023920774848096
0.6476350342071079
0.6406635193715874
0.6243335080245963
0.5163837951332999
0.6031165718425856
0.6448959128137957
0.6174880882432852
0.5047153450554608
0.6256642572899723
0.5201257190071519
0.5135757480199592
0.5761532092995775
0.5115704816561181
0.6067961928455217
0.6944702054112193
0.6648654951771841
0.5397440593968101
0.5613642368200635
0.5356293490996992
0.5536379902370708
0.5760519969793949
0.534296377190349
0.6165530969184944
0.5939597714758608
0.6671988702438408
0.6507210692135592
0.5503838529468505
0.6586886468982969
0.5152850807641621
0.625345168280405
0.5403254993974401
0.6001623046583332
