0.5400890189474523
0.5532071020077998
0.6399394523152924
0.5415409464152009
0.6906403604246262
0.5788347933140845
0.5504632675648471
0.6796152608862553
0.6968005469167309
0.6573163448075979
0.538119462183728
0.607166996458718
0.6810707519591218
0.5448046373471221
0.5007562784429003
0.5596727162331884
0.5760539529384879
0.5100679129118963
0.5099374478812098
0.6091122079984245
0.6269698672029246
0.6023197384892314
0.5191247349304053
0.5532009544197554
0.5222984754484521
0.6858070147859062
0.527422666876947
0.582083600058055
0.6432281082466101
0.5786320349915725
0.6355952404379039
0.5654097298215066
0.5571313575089165
0.5303957636828995
0.5882727466580165
0.5281860837330528
0.5246796229703699
0.5021070139928736
0.5699749489566458
0.5030733011944557
0.510597298295108
0.6364991108772783
0.5275763262821782
0.6113642698467667
0.664224786522286
0.6754375894400199
0.5089053069471241
0.5757813343628958
0.6340494663731187
0.5397184701070199
0.6825742863969109
0.6587572596153756
0.5970260421253675
0.5679222234268749
0.5789006041168292
0.6614273140745809
0.6922212435734616
0.5597962260236461
0.6056350449571727
0.570437879818021
0.5270052617007204
0.504615083957746
0.51807279210528
0.5077819400029798
0.5484306360938577
0.6377949416849681
0.5964905726872548
0.5857605166007476
0.6132380842730866
0.6001347956186428
0.6315329131103734
0.637809783975575
0.6897033579723332
0.5586929308918915
0.6568923350082239
0.6066791119793589
0.5019788688439087
0.5084398607956143
0.597700509746791
0.5674566241893274
0.5056036214325731
0.6264736430565535
0.6099472183627921
0.6302701651168952
0.6332677690360994
0.617923742894312
0.5708265223380379
0.5232600207937175
0.6606613853704375
0.5876289975176793
0.6968976051884443
0.677005065261432
0.6926978450583295
0.5547556717767671
0.6842828508608245
0.6207326095673142
0.6783851741453002
0.5066144616294262
0.5962528342810993
0.569695434597223
0.6482253661508004
0.5808305840213261
0.67618416211384
0.571494318051426
0.6435362847380953
0.598371799843467
0.5723038543417092
0.6710813819791115
0.5359467367760777
0.5863570893917331
0.600232597198858
0.547095057753947
0.6124718601015543
0.6524715370652961
0.5548370423703433
0.6274078972210438
0.562227368061991
0.6021832851543254
0.6582754671094319
0.6399612742380046
0.5931125217745931
0.5292588064699558
0.6615624616569562
0.5743024597785326
0.5479290564632496
0.6356715055963905
0.6973638265825002
0.51128411503234
0.6521604314896368
0.6449209478341678
0.6302077236022009
0.506766014374472
0.5384651076357039
0.5599446004956155
0.614519207648191
0.5417868357694948
0.5026436180557862
0.6640937841848163
0.5080542831678692
0.6122964351874739
0.558334977546189
0.6018642011796491
0.6954666439777141
0.6974851652392163
0.5365229775327038
0.621244539038985
0.6134714231658034
0.6308776986601404
0.583405429816946
0.6407731265302905
0.5784590601150805
0.6532161004493515
0.5130255477809758
0.5753596528884937
0.5710680391466569
0.5541298798686547
0.5090872581367712
0.6261194054897274
0.6758299162050695
0.6067481337986831
0.5325987023143407
0.606486799310525
0.5983803991566609
0.5233861208003708
0.5450261866689252
0.6326841977382958
0.6112726069315627
0.5646565040692096
0.5354097083964042
0.5331315222624958
0.5742594131114692
0.5727044497982653
0.5835487448993849
0.6016709966859695
0.5419069502536056
0.6775103919516381
0.6227574548881295
0.626581265256476
0.56504510220763
0.6690134696678718
0.6274509829363241
0.6748047024778553
0.6015164120723465
0.6019621777128413
0.670905626773752
0.654402817637149
0.6951707222582351
0.5856812342628329
0.6329667433395149
0.5443097367931208
0.5830677766215073
0.5292437058749013
0.6705792057313156
0.5840013814078789
0.5740632029228867
0.5784588881106477
0.5972634261637216
0.5362311277026839
0.5459502283025415
0.6522987307135959
0.681611973949405
0.6851849408209694
0.6492471622163948
0.5899997980372726
0.5955131811436626
0.5123772735815213
0.6221225665534278
0.5336630859474878
0.6704358444708501
0.666078631873534
0.6575800586128786
0.6231765676681015
0.5283699860928368
0.6876447370418424
0.6032049950604802
0.6503134240566779
0.6173201852136081
0.6945678638724476
0.5212613470162277
0.6670599598458061
0.5440199508275995
0.6342550891351315
0.6718303127739061
0.5514911760858168
0.6893299435375833
0.5030039414484341
0.6850208723391684
0.6064512745793776
0.6019260909727034
0.6266042482507304
0.5773330032877902
0.6136123360846665
0.5504516873973379
0.6431991093940539
0.635737728123117
0.6881724159606438
0.6162488052818145
0.628123235637856
0.6024453504664442
0.6593151699946701
0.642467961633207
0.6645780284223602
0.651068471257892
0.635887550321822
0.6463919347978925
0.5310503511769077
0.5647417439757824
0.5845240665509583
0.6790553441433149
0.5397442487657055
0.5013115168992511
0.6209705008174267
0.6685829814389767
0.6794085130926577
0.5101820952186636
0.6356798993812544
