0.619840628979404
0.5632112267232708
0.6157363018020157
0.5473146406198256
0.5068476955931213
0.563753398038622
0.5045292678528902
0.6446939351220222
0.5868258407945824
0.526519587920353
0.5293695936344934
0.6184654245990714
0.6460540282375279
0.6502968159353322
0.6660377742614292
0.6060156534486367
0.6730182500185206
0.536467822933584
0.5440234706770417
0.5730771861159499
0.5618764369726246
0.5575760357082457
0.5369643615758586
0.6884613410221044
0.5085051866982089
0.6991694088619113
0.6113174107994062
0.5622985759950552
0.5469008087698269
0.5923058581538975
0.5316851190642072
0.5865968793972706
0.5777321286109562
0.6936153081242377
0.5156395924048015
0.695205668216542
0.6824438376798879
0.5807118241349505
0.666811027280585
0.6068630299257922
0.6747214016189845
0.6899398111562666
0.5634321445045122
0.6996407708163437
0.6829426134391846
0.6000301355429276
0.5238333072610548
0.6669432186735684
0.5841691030704277
0.5858042300315449
0.6878870993431685
0.6351294299097432
0.5401031684559603
0.5406912992622075
0.5466087133081785
0.6769230634928616
0.6016343382176863
0.5255539487617097
0.6855461360944771
0.6028043171190974
0.5847832514663657
0.5440988188114354
0.6683956148886263
0.537995823328222
0.5951932319219608
0.6375041033519182
0.61785537179401
0.603685023531533
0.5691806928104541
0.6323349025116097
0.5870275056787512
0.6895770850640613
0.5880565155221292
0.6821179418247704
0.6468901671586865
0.5490552319089264
0.542172703335113
0.5172431512183797
0.6494058122938662
0.5743752040370615
0.5142594355732836
0.5535363420432555
0.5650412499896009
0.5634116676172125
0.6132184100199691
0.5238528076954005
0.6582383325325248
0.5046492934692293
0.5357467896750414
0.5931850830824784
0.6976550082835378
0.6772576213587395
0.5566266329701084
0.677944578090447
0.6601081493853002
0.6217888421252179
0.5444762484147989
0.5266132700510338
0.6822139390604491
0.6648689600993367
0.5880981233747956
0.6020882977874622
0.6720104845704297
0.6525366442962037
0.5302440550939216
0.5801723811969237
0.5881440285991607
0.5566747605096953
0.5848422170709016
0.5824525436837946
0.5695281222608372
0.5282257435007127
0.6927182427620923
0.5508875582639304
0.5781160750178393
0.5661872971268186
0.6920967546433633
0.6461548561331996
0.5244455931214499
0.6961946081537432
0.5420600224522031
0.6489646610737619
0.6192184847802005
0.5823734640443556
0.5953894057638985
0.636315259872148
0.5419228922459408
0.6772087440792615
0.6933341361710734
0.6964332834071775
0.6744853817748306
0.5414506652366323
0.6527168399528228
0.6979115038996532
0.6987677967276146
0.5768552164845625
0.5292438847052741
0.6756096499163436
0.6569098123515194
0.6695444538500259
0.536008773233723
0.5971236722931083
0.5733717324830585
0.5064385992765311
0.5235379996855349
0.6928331348712229
0.539908042925751
0.5579499823549109
0.632523662333671
0.578442835417144
0.587847045998914
0.5581986713975119
0.6572697174148107
0.6146898911069227
0.609299169891613
0.5609717841127128
0.5973626212520494
0.6005651616817462
0.5220235570633733
0.6547893574824726
0.6131603417544329
0.6024750116279988
0.5871412785300181
0.5270501123648428
0.6185000546070872
0.6325390970611421
0.6391560314155809
0.5443735799062183
0.5197543705006324
0.5653260086608322
0.6086276045307049
0.6467742871436634
0.6077712958184998
0.6496912653583278
0.6203292329405371
0.6264167267392997
0.6354967855969325
0.6516535679490797
0.5708990040071165
0.6348331944759199
0.5957986382025562
0.6039483606386528
0.5735270684230106
0.5461078494267873
0.6062338365616163
0.653093173811768
0.506567120599943
0.6989441714056862
0.5553052128271357
0.6020836280917065
0.5604275050540426
0.6837334587678534
0.5334142099888795
0.6321066727968582
0.6400207870859694
0.6017201609435235
0.5868918048915577
0.5595700032592859
0.5048061384423242
0.6841209408836415
0.6501836595368162
0.5089586116760236
0.5370828415615808
0.5603273589853414
0.57980018881884
0.5609347280577662
0.6875403932792225
0.5988642545946793
0.6046595858879844
0.6383416926416791
0.6229301070355319
0.6013546118438297
0.6910703154371807
0.6340445434851222
0.5450194834026192
0.5625425438660824
0.6273721111815995
0.5007880510204964
0.6996236095847368
0.6359872522829444
0.5557217774533243
0.6917678561631996
0.6208069329033336
0.6834800807744302
0.6712222205521146
0.5416563766613842
0.6012544116677059
0.6292899093042761
0.6678612060402715
0.5650394942257023
0.6243273890514096
0.6276184696723918
0.6209274658981544
0.5552279590272763
0.5532823675232691
0.5136358301626134
0.6724701269113433
0.5680150750688716
0.6226392931338254
0.6624673668726642
0.5691588109380804
0.6122994816825246
0.5546977355718065
0.6014304266260555
0.658340473018069
0.6226050194128839
0.6394706178426395
0.5643781207186129
0.6930721445555381
0.5356010115859651
0.6339357592215665
0.5985744515791073
0.588322922534226
0.5634906926827716
0.6400150186636464
0.6706705760103945
